"",".model_id",".model_desc",".key",".index",".value",".conf_lo",".conf_hi"
"1",NA,"ACTUAL","actual",2002-06-01,4456,NA,NA
"2",NA,"ACTUAL","actual",2008-09-01,4015,NA,NA
"3",NA,"ACTUAL","actual",2003-07-01,4414,NA,NA
"4",NA,"ACTUAL","actual",2000-10-01,4741,NA,NA
"5",NA,"ACTUAL","actual",2002-07-01,4533,NA,NA
"6",NA,"ACTUAL","actual",2004-02-01,3877,NA,NA
"7",NA,"ACTUAL","actual",2019-01-01,3896,NA,NA
"8",NA,"ACTUAL","actual",2013-05-01,4293,NA,NA
"9",NA,"ACTUAL","actual",2024-05-01,3341,NA,NA
"10",NA,"ACTUAL","actual",2011-03-01,4446,NA,NA
"11",NA,"ACTUAL","actual",2002-11-01,3864,NA,NA
"12",NA,"ACTUAL","actual",2011-05-01,4674,NA,NA
"13",NA,"ACTUAL","actual",2006-04-01,4638,NA,NA
"14",NA,"ACTUAL","actual",2005-05-01,4986,NA,NA
"15",NA,"ACTUAL","actual",2000-06-01,4651,NA,NA
"16",NA,"ACTUAL","actual",2007-04-01,4231,NA,NA
"17",NA,"ACTUAL","actual",2015-05-01,4431,NA,NA
"18",NA,"ACTUAL","actual",2024-02-01,2743,NA,NA
"19",NA,"ACTUAL","actual",2012-12-01,3783,NA,NA
"20",NA,"ACTUAL","actual",2022-11-01,3337,NA,NA
"21",NA,"ACTUAL","actual",2002-01-01,4650,NA,NA
"22",NA,"ACTUAL","actual",2002-09-01,4356,NA,NA
"23",NA,"ACTUAL","actual",2005-04-01,4805,NA,NA
"24",NA,"ACTUAL","actual",2010-11-01,3654,NA,NA
"25",NA,"ACTUAL","actual",2014-12-01,3941,NA,NA
"26",NA,"ACTUAL","actual",2018-03-01,4355,NA,NA
"27",NA,"ACTUAL","actual",2013-11-01,3647,NA,NA
"28",NA,"ACTUAL","actual",2022-03-01,3676,NA,NA
"29",NA,"ACTUAL","actual",2016-08-01,3783,NA,NA
"30",NA,"ACTUAL","actual",2003-03-01,4803,NA,NA
"31",NA,"ACTUAL","actual",2006-03-01,4545,NA,NA
"32",NA,"ACTUAL","actual",2006-12-01,3613,NA,NA
"33",NA,"ACTUAL","actual",2022-09-01,3053,NA,NA
"34",NA,"ACTUAL","actual",2013-03-01,4208,NA,NA
"35",NA,"ACTUAL","actual",2012-02-01,3891,NA,NA
"36",NA,"ACTUAL","actual",2023-10-01,3215,NA,NA
"37",NA,"ACTUAL","actual",2003-11-01,3961,NA,NA
"38",NA,"ACTUAL","actual",2021-05-01,3962,NA,NA
"39",NA,"ACTUAL","actual",2023-03-01,3537,NA,NA
"40",NA,"ACTUAL","actual",2008-04-01,4321,NA,NA
"41",NA,"ACTUAL","actual",2023-11-01,3039,NA,NA
"42",NA,"ACTUAL","actual",2010-04-01,4214,NA,NA
"43",NA,"ACTUAL","actual",2000-05-01,5092,NA,NA
"44",NA,"ACTUAL","actual",2008-08-01,4259,NA,NA
"45",NA,"ACTUAL","actual",2008-11-01,3743,NA,NA
"46",NA,"ACTUAL","actual",2008-12-01,3937,NA,NA
"47",NA,"ACTUAL","actual",2003-08-01,4242,NA,NA
"48",NA,"ACTUAL","actual",2003-06-01,4641,NA,NA
"49",NA,"ACTUAL","actual",2007-08-01,4014,NA,NA
"50",NA,"ACTUAL","actual",2012-05-01,4080,NA,NA
"51",NA,"ACTUAL","actual",2012-06-01,3945,NA,NA
"52",NA,"ACTUAL","actual",2020-12-01,3442,NA,NA
"53",NA,"ACTUAL","actual",2012-04-01,4092,NA,NA
"54",NA,"ACTUAL","actual",2008-03-01,4352,NA,NA
"55",NA,"ACTUAL","actual",2013-09-01,3814,NA,NA
"56",NA,"ACTUAL","actual",2005-08-01,4590,NA,NA
"57",NA,"ACTUAL","actual",2002-05-01,4935,NA,NA
"58",NA,"ACTUAL","actual",2004-01-01,4078,NA,NA
"59",NA,"ACTUAL","actual",2005-10-01,4207,NA,NA
"60",NA,"ACTUAL","actual",2001-12-01,4168,NA,NA
"61",NA,"ACTUAL","actual",2017-08-01,4044,NA,NA
"62",NA,"ACTUAL","actual",2022-02-01,3223,NA,NA
"63",NA,"ACTUAL","actual",2018-04-01,4346,NA,NA
"64",NA,"ACTUAL","actual",2012-09-01,3658,NA,NA
"65",NA,"ACTUAL","actual",2006-07-01,3839,NA,NA
"66",NA,"ACTUAL","actual",2016-07-01,3990,NA,NA
"67",NA,"ACTUAL","actual",2014-07-01,4250,NA,NA
"68",NA,"ACTUAL","actual",2011-09-01,3851,NA,NA
"69",NA,"ACTUAL","actual",2009-01-01,3933,NA,NA
"70",NA,"ACTUAL","actual",2016-03-01,4247,NA,NA
"71",NA,"ACTUAL","actual",2021-08-01,3492,NA,NA
"72",NA,"ACTUAL","actual",2009-12-01,3869,NA,NA
"73",NA,"ACTUAL","actual",2016-09-01,3632,NA,NA
"74",NA,"ACTUAL","actual",2011-04-01,4173,NA,NA
"75",NA,"ACTUAL","actual",2004-11-01,3784,NA,NA
"76",NA,"ACTUAL","actual",2009-09-01,4114,NA,NA
"77",NA,"ACTUAL","actual",2001-03-01,4766,NA,NA
"78",NA,"ACTUAL","actual",2024-04-01,3225,NA,NA
"79",NA,"ACTUAL","actual",2020-01-01,3487,NA,NA
"80",NA,"ACTUAL","actual",2019-10-01,3470,NA,NA
"81",NA,"ACTUAL","actual",2010-10-01,3815,NA,NA
"82",NA,"ACTUAL","actual",2022-06-01,3353,NA,NA
"83",NA,"ACTUAL","actual",2014-01-01,3779,NA,NA
"84",NA,"ACTUAL","actual",2016-10-01,3380,NA,NA
"85",NA,"ACTUAL","actual",2005-07-01,4642,NA,NA
"86",NA,"ACTUAL","actual",2012-07-01,4124,NA,NA
"87",NA,"ACTUAL","actual",2009-05-01,4314,NA,NA
"88",NA,"ACTUAL","actual",2022-08-01,3230,NA,NA
"89",NA,"ACTUAL","actual",2007-12-01,3683,NA,NA
"90",NA,"ACTUAL","actual",2019-02-01,3586,NA,NA
"91",NA,"ACTUAL","actual",2017-09-01,3876,NA,NA
"92",NA,"ACTUAL","actual",2018-05-01,4429,NA,NA
"93",NA,"ACTUAL","actual",2000-03-01,5180,NA,NA
"94",NA,"ACTUAL","actual",2018-01-01,3821,NA,NA
"95",NA,"ACTUAL","actual",2005-12-01,3400,NA,NA
"96",NA,"ACTUAL","actual",2024-01-01,2863,NA,NA
"97",NA,"ACTUAL","actual",2006-09-01,3773,NA,NA
"98",NA,"ACTUAL","actual",2024-06-01,2981,NA,NA
"99",NA,"ACTUAL","actual",2008-01-01,3879,NA,NA
"100",NA,"ACTUAL","actual",2000-02-01,4527,NA,NA
"101",NA,"ACTUAL","actual",2020-07-01,3859,NA,NA
"102",NA,"ACTUAL","actual",2011-08-01,4073,NA,NA
"103",NA,"ACTUAL","actual",2018-12-01,3790,NA,NA
"104",NA,"ACTUAL","actual",2016-02-01,3708,NA,NA
"105",NA,"ACTUAL","actual",2018-07-01,4221,NA,NA
"106",NA,"ACTUAL","actual",2001-05-01,4975,NA,NA
"107",NA,"ACTUAL","actual",2002-03-01,4862,NA,NA
"108",NA,"ACTUAL","actual",2022-04-01,3434,NA,NA
"109",NA,"ACTUAL","actual",2012-10-01,3831,NA,NA
"110",NA,"ACTUAL","actual",2017-07-01,3953,NA,NA
"111",NA,"ACTUAL","actual",2021-07-01,3670,NA,NA
"112",NA,"ACTUAL","actual",2011-12-01,3751,NA,NA
"113",NA,"ACTUAL","actual",2002-04-01,4850,NA,NA
"114",NA,"ACTUAL","actual",2001-11-01,4166,NA,NA
"115",NA,"ACTUAL","actual",2013-08-01,4032,NA,NA
"116",NA,"ACTUAL","actual",2004-10-01,3940,NA,NA
"117",NA,"ACTUAL","actual",2007-11-01,3595,NA,NA
"118",NA,"ACTUAL","actual",2010-05-01,4288,NA,NA
"119",NA,"ACTUAL","actual",2003-02-01,4089,NA,NA
"120",NA,"ACTUAL","actual",2023-07-01,3364,NA,NA
"121",NA,"ACTUAL","actual",2001-07-01,4439,NA,NA
"122",NA,"ACTUAL","actual",2006-11-01,3694,NA,NA
"123",NA,"ACTUAL","actual",2015-07-01,4312,NA,NA
"124",NA,"ACTUAL","actual",2000-11-01,4220,NA,NA
"125",NA,"ACTUAL","actual",2010-07-01,4228,NA,NA
"126",NA,"ACTUAL","actual",2021-06-01,3708,NA,NA
"127",NA,"ACTUAL","actual",2012-11-01,3760,NA,NA
"128",NA,"ACTUAL","actual",2015-06-01,4114,NA,NA
"129",NA,"ACTUAL","actual",2022-05-01,3696,NA,NA
"130",NA,"ACTUAL","actual",2018-11-01,3751,NA,NA
"131",NA,"ACTUAL","actual",2007-07-01,4270,NA,NA
"132",NA,"ACTUAL","actual",2013-04-01,4090,NA,NA
"133",NA,"ACTUAL","actual",2020-11-01,3308,NA,NA
"134",NA,"ACTUAL","actual",2007-09-01,3879,NA,NA
"135",NA,"ACTUAL","actual",2022-12-01,3445,NA,NA
"136",NA,"ACTUAL","actual",2017-10-01,3779,NA,NA
"137",NA,"ACTUAL","actual",2019-05-01,3912,NA,NA
"138",NA,"ACTUAL","actual",2009-04-01,4511,NA,NA
"139",NA,"ACTUAL","actual",2024-03-01,3231,NA,NA
"140",NA,"ACTUAL","actual",2014-11-01,3608,NA,NA
"141",NA,"ACTUAL","actual",2005-02-01,4037,NA,NA
"142",NA,"ACTUAL","actual",2002-10-01,4203,NA,NA
"143",NA,"ACTUAL","actual",2011-01-01,3700,NA,NA
"144",NA,"ACTUAL","actual",2005-01-01,4120,NA,NA
"145",NA,"ACTUAL","actual",2005-11-01,3611,NA,NA
"146",NA,"ACTUAL","actual",2006-01-01,3712,NA,NA
"147",NA,"ACTUAL","actual",2006-06-01,4037,NA,NA
"148",NA,"ACTUAL","actual",2017-05-01,4430,NA,NA
"149",NA,"ACTUAL","actual",2013-06-01,4077,NA,NA
"150",NA,"ACTUAL","actual",2000-04-01,4989,NA,NA
"151",NA,"ACTUAL","actual",2006-05-01,4624,NA,NA
"152",NA,"ACTUAL","actual",2023-09-01,3089,NA,NA
"153",NA,"ACTUAL","actual",2012-01-01,3771,NA,NA
"154",NA,"ACTUAL","actual",2010-08-01,4097,NA,NA
"155",NA,"ACTUAL","actual",2001-06-01,4496,NA,NA
"156",NA,"ACTUAL","actual",2012-08-01,3847,NA,NA
"157",NA,"ACTUAL","actual",2007-01-01,3878,NA,NA
"158",NA,"ACTUAL","actual",2014-10-01,4111,NA,NA
"159",NA,"ACTUAL","actual",2015-03-01,4478,NA,NA
"160",NA,"ACTUAL","actual",2018-09-01,3845,NA,NA
"161",NA,"ACTUAL","actual",2007-06-01,4286,NA,NA
"162",NA,"ACTUAL","actual",2006-02-01,3603,NA,NA
"163",NA,"ACTUAL","actual",2001-09-01,4492,NA,NA
"164",NA,"ACTUAL","actual",2006-08-01,3972,NA,NA
"165",NA,"ACTUAL","actual",2023-05-01,3570,NA,NA
"166",NA,"ACTUAL","actual",2021-03-01,3755,NA,NA
"167",NA,"ACTUAL","actual",2019-04-01,3808,NA,NA
"168",NA,"ACTUAL","actual",2019-12-01,3174,NA,NA
"169",NA,"ACTUAL","actual",2004-05-01,4788,NA,NA
"170",NA,"ACTUAL","actual",2015-01-01,3936,NA,NA
"171",NA,"ACTUAL","actual",2021-10-01,3521,NA,NA
"172",NA,"ACTUAL","actual",2004-04-01,4802,NA,NA
"173",NA,"ACTUAL","actual",2005-03-01,4878,NA,NA
"174",NA,"ACTUAL","actual",2017-01-01,3295,NA,NA
"175",NA,"ACTUAL","actual",2009-07-01,4083,NA,NA
"176",NA,"ACTUAL","actual",2005-06-01,4661,NA,NA
"177",NA,"ACTUAL","actual",2023-02-01,3086,NA,NA
"178",NA,"ACTUAL","actual",2019-03-01,4227,NA,NA
"179",NA,"ACTUAL","actual",2015-12-01,3731,NA,NA
"180",NA,"ACTUAL","actual",2003-10-01,4131,NA,NA
"181",NA,"ACTUAL","actual",2018-10-01,3934,NA,NA
"182",NA,"ACTUAL","actual",2017-06-01,4157,NA,NA
"183",NA,"ACTUAL","actual",2021-11-01,3444,NA,NA
"184",NA,"ACTUAL","actual",2010-06-01,4038,NA,NA
"185",NA,"ACTUAL","actual",2018-02-01,3693,NA,NA
"186",NA,"ACTUAL","actual",2000-08-01,4870,NA,NA
"187",NA,"ACTUAL","actual",2000-09-01,4820,NA,NA
"188",NA,"ACTUAL","actual",2020-06-01,3777,NA,NA
"189",NA,"ACTUAL","actual",2017-03-01,4186,NA,NA
"190",NA,"ACTUAL","actual",2022-07-01,3255,NA,NA
"191",NA,"ACTUAL","actual",2001-02-01,4052,NA,NA
"192",NA,"ACTUAL","actual",2003-01-01,4338,NA,NA
"193",NA,"ACTUAL","actual",2020-10-01,3405,NA,NA
"194",NA,"ACTUAL","actual",2001-10-01,4542,NA,NA
"195",NA,"ACTUAL","actual",2019-08-01,3707,NA,NA
"196",NA,"ACTUAL","actual",2011-11-01,3666,NA,NA
"197",NA,"ACTUAL","actual",2014-06-01,4099,NA,NA
"198",NA,"ACTUAL","actual",2001-01-01,4322,NA,NA
"199",NA,"ACTUAL","actual",2011-07-01,4106,NA,NA
"200",NA,"ACTUAL","actual",2020-04-01,3870,NA,NA
"201",NA,"ACTUAL","actual",2016-04-01,4157,NA,NA
"202",NA,"ACTUAL","actual",2008-10-01,4005,NA,NA
"203",NA,"ACTUAL","actual",2017-02-01,3288,NA,NA
"204",NA,"ACTUAL","actual",2021-09-01,3681,NA,NA
"205",NA,"ACTUAL","actual",2001-04-01,4702,NA,NA
"206",NA,"ACTUAL","actual",2010-01-01,3654,NA,NA
"207",NA,"ACTUAL","actual",2015-02-01,3738,NA,NA
"208",NA,"ACTUAL","actual",2012-03-01,4207,NA,NA
"209",NA,"ACTUAL","actual",2007-10-01,3779,NA,NA
"210",NA,"ACTUAL","actual",2010-09-01,4084,NA,NA
"211",NA,"ACTUAL","actual",2009-02-01,3674,NA,NA
"212",NA,"ACTUAL","actual",2000-12-01,3589,NA,NA
"213",NA,"ACTUAL","actual",2002-12-01,3854,NA,NA
"214",NA,"ACTUAL","actual",2017-11-01,3516,NA,NA
"215",NA,"ACTUAL","actual",2008-05-01,4732,NA,NA
"216",NA,"ACTUAL","actual",2004-07-01,4398,NA,NA
"217",NA,"ACTUAL","actual",2009-06-01,4171,NA,NA
"218",NA,"ACTUAL","actual",2020-03-01,3903,NA,NA
"219",NA,"ACTUAL","actual",2009-08-01,3871,NA,NA
"220",NA,"ACTUAL","actual",2023-01-01,3436,NA,NA
"221",NA,"ACTUAL","actual",2011-10-01,3684,NA,NA
"222",NA,"ACTUAL","actual",2016-05-01,4352,NA,NA
"223",NA,"ACTUAL","actual",2018-06-01,4041,NA,NA
"224",NA,"ACTUAL","actual",2015-11-01,3780,NA,NA
"225",NA,"ACTUAL","actual",2001-08-01,4404,NA,NA
"226",NA,"ACTUAL","actual",2004-12-01,3637,NA,NA
"227",NA,"ACTUAL","actual",2003-09-01,4132,NA,NA
"228",NA,"ACTUAL","actual",2021-04-01,4020,NA,NA
"229",NA,"ACTUAL","actual",2004-03-01,4784,NA,NA
"230",NA,"ACTUAL","actual",2015-09-01,4206,NA,NA
"231",NA,"ACTUAL","actual",2009-11-01,3793,NA,NA
"232",NA,"ACTUAL","actual",2014-03-01,4063,NA,NA
"233",NA,"ACTUAL","actual",2014-04-01,4190,NA,NA
"234",NA,"ACTUAL","actual",2006-10-01,4071,NA,NA
"235",NA,"ACTUAL","actual",2008-06-01,4357,NA,NA
"236",NA,"ACTUAL","actual",2002-08-01,4413,NA,NA
"237",NA,"ACTUAL","actual",2003-05-01,5070,NA,NA
"238",NA,"ACTUAL","actual",2013-12-01,3563,NA,NA
"239",NA,"ACTUAL","actual",2014-02-01,3591,NA,NA
"240",NA,"ACTUAL","actual",2023-04-01,3315,NA,NA
"241",NA,"ACTUAL","actual",2014-05-01,4410,NA,NA
"242",NA,"ACTUAL","actual",2020-08-01,3565,NA,NA
"243",NA,"ACTUAL","actual",2007-02-01,3521,NA,NA
"244",NA,"ACTUAL","actual",2022-10-01,2958,NA,NA
"245",NA,"ACTUAL","actual",2014-08-01,3915,NA,NA
"246",NA,"ACTUAL","actual",2011-02-01,3629,NA,NA
"247",NA,"ACTUAL","actual",2021-12-01,3392,NA,NA
"248",NA,"ACTUAL","actual",2003-04-01,4893,NA,NA
"249",NA,"ACTUAL","actual",2003-12-01,3596,NA,NA
"250",NA,"ACTUAL","actual",2005-09-01,4390,NA,NA
"251",NA,"ACTUAL","actual",2004-09-01,4156,NA,NA
"252",NA,"ACTUAL","actual",2000-01-01,4796,NA,NA
"253",NA,"ACTUAL","actual",2016-11-01,3120,NA,NA
"254",NA,"ACTUAL","actual",2004-06-01,4410,NA,NA
"255",NA,"ACTUAL","actual",2021-01-01,3422,NA,NA
"256",NA,"ACTUAL","actual",2022-01-01,3376,NA,NA
"257",NA,"ACTUAL","actual",2000-07-01,4954,NA,NA
"258",NA,"ACTUAL","actual",2017-04-01,4026,NA,NA
"259",NA,"ACTUAL","actual",2019-06-01,3842,NA,NA
"260",NA,"ACTUAL","actual",2019-11-01,2825,NA,NA
"261",NA,"ACTUAL","actual",2019-09-01,3721,NA,NA
"262",NA,"ACTUAL","actual",2015-08-01,4033,NA,NA
"263",NA,"ACTUAL","actual",2010-12-01,3614,NA,NA
"264",NA,"ACTUAL","actual",2009-03-01,4556,NA,NA
"265",NA,"ACTUAL","actual",2007-05-01,4537,NA,NA
"266",NA,"ACTUAL","actual",2007-03-01,4392,NA,NA
"267",NA,"ACTUAL","actual",2014-09-01,4154,NA,NA
"268",NA,"ACTUAL","actual",2020-09-01,3645,NA,NA
"269",NA,"ACTUAL","actual",2009-10-01,4037,NA,NA
"270",NA,"ACTUAL","actual",2010-03-01,4527,NA,NA
"271",NA,"ACTUAL","actual",2020-02-01,3395,NA,NA
"272",NA,"ACTUAL","actual",2013-10-01,3702,NA,NA
"273",NA,"ACTUAL","actual",2008-02-01,3670,NA,NA
"274",NA,"ACTUAL","actual",2020-05-01,3875,NA,NA
"275",NA,"ACTUAL","actual",2017-12-01,3672,NA,NA
"276",NA,"ACTUAL","actual",2015-04-01,4297,NA,NA
"277",NA,"ACTUAL","actual",2013-07-01,4022,NA,NA
"278",NA,"ACTUAL","actual",2016-12-01,3196,NA,NA
"279",NA,"ACTUAL","actual",2016-06-01,3984,NA,NA
"280",NA,"ACTUAL","actual",2013-01-01,3810,NA,NA
"281",NA,"ACTUAL","actual",2011-06-01,4332,NA,NA
"282",NA,"ACTUAL","actual",2013-02-01,3540,NA,NA
"283",NA,"ACTUAL","actual",2015-10-01,4043,NA,NA
"284",NA,"ACTUAL","actual",2008-07-01,4536,NA,NA
"285",NA,"ACTUAL","actual",2023-06-01,3380,NA,NA
"286",NA,"ACTUAL","actual",2023-08-01,3311,NA,NA
"287",NA,"ACTUAL","actual",2021-02-01,3363,NA,NA
"288",NA,"ACTUAL","actual",2018-08-01,3881,NA,NA
"289",NA,"ACTUAL","actual",2016-01-01,3816,NA,NA
"290",NA,"ACTUAL","actual",2019-07-01,3863,NA,NA
"291",NA,"ACTUAL","actual",2002-02-01,4271,NA,NA
"292",NA,"ACTUAL","actual",2010-02-01,3451,NA,NA
"293",NA,"ACTUAL","actual",2023-12-01,3061,NA,NA
"294",NA,"ACTUAL","actual",2004-08-01,4147,NA,NA
"295",1,"ENSEMBLE (WEIGHTED): 3 MODELS","prediction",2024-07-01,3338.95636870835,2519.22312266384,4158.68961475287
"296",1,"ENSEMBLE (WEIGHTED): 3 MODELS","prediction",2024-08-01,3183.55967900547,2363.82643296096,4003.29292504999
"297",1,"ENSEMBLE (WEIGHTED): 3 MODELS","prediction",2024-09-01,3125.1116530458,2305.37840700128,3944.84489909031
"298",1,"ENSEMBLE (WEIGHTED): 3 MODELS","prediction",2024-10-01,3040.79991591392,2221.06666986941,3860.53316195844
"299",1,"ENSEMBLE (WEIGHTED): 3 MODELS","prediction",2024-11-01,2817.02404650608,1997.29080046156,3636.75729255059
"300",1,"ENSEMBLE (WEIGHTED): 3 MODELS","prediction",2024-12-01,2806.73855247158,1987.00530642706,3626.47179851609
"301",1,"ENSEMBLE (WEIGHTED): 3 MODELS","prediction",2025-01-01,2954.9890061299,2135.25576008538,3774.72225217441
"302",1,"ENSEMBLE (WEIGHTED): 3 MODELS","prediction",2025-02-01,2806.33530094366,1986.60205489915,3626.06854698818
"303",1,"ENSEMBLE (WEIGHTED): 3 MODELS","prediction",2025-03-01,3473.23771954984,2653.50447350532,4292.97096559435
"304",1,"ENSEMBLE (WEIGHTED): 3 MODELS","prediction",2025-04-01,3386.24869282805,2566.51544678354,4205.98193887257
"305",1,"ENSEMBLE (WEIGHTED): 3 MODELS","prediction",2025-05-01,3530.93643203649,2711.20318599198,4350.66967808101
"306",1,"ENSEMBLE (WEIGHTED): 3 MODELS","prediction",2025-06-01,3215.06078484511,2395.3275388006,4034.79403088963
"307",1,"ENSEMBLE (WEIGHTED): 3 MODELS","prediction",2025-07-01,3246.49663472649,2426.76338868198,4066.22988077101
"308",1,"ENSEMBLE (WEIGHTED): 3 MODELS","prediction",2025-08-01,3094.45447285516,2274.72122681064,3914.18771889967
"309",1,"ENSEMBLE (WEIGHTED): 3 MODELS","prediction",2025-09-01,3035.27018655176,2215.53694050725,3855.00343259628
"310",1,"ENSEMBLE (WEIGHTED): 3 MODELS","prediction",2025-10-01,2951.52347178044,2131.79022573593,3771.25671782496
"311",1,"ENSEMBLE (WEIGHTED): 3 MODELS","prediction",2025-11-01,2726.1105261767,1906.37728013218,3545.84377222121
"312",1,"ENSEMBLE (WEIGHTED): 3 MODELS","prediction",2025-12-01,2720.3547574843,1900.62151143979,3540.08800352882
"313",1,"ENSEMBLE (WEIGHTED): 3 MODELS","prediction",2026-01-01,2865.92414360013,2046.19089755561,3685.65738964464
"314",1,"ENSEMBLE (WEIGHTED): 3 MODELS","prediction",2026-02-01,2717.1081318722,1897.37488582769,3536.84137791672
"315",1,"ENSEMBLE (WEIGHTED): 3 MODELS","prediction",2026-03-01,3383.53727535054,2563.80402930603,4203.27052139506
"316",1,"ENSEMBLE (WEIGHTED): 3 MODELS","prediction",2026-04-01,3290.58248647069,2470.84924042618,4110.31573251521
"317",1,"ENSEMBLE (WEIGHTED): 3 MODELS","prediction",2026-05-01,3445.02946170146,2625.29621565695,4264.76270774598
"318",1,"ENSEMBLE (WEIGHTED): 3 MODELS","prediction",2026-06-01,3131.31058278679,2311.57733674228,3951.04382883131
"319",1,"ENSEMBLE (WEIGHTED): 3 MODELS","prediction",2026-07-01,3153.94425325749,2334.21100721297,3973.67749930201
"320",1,"ENSEMBLE (WEIGHTED): 3 MODELS","prediction",2026-08-01,3005.35471117285,2185.62146512833,3825.08795721736
"321",1,"ENSEMBLE (WEIGHTED): 3 MODELS","prediction",2026-09-01,2945.42446128925,2125.69121524474,3765.15770733377
"322",1,"ENSEMBLE (WEIGHTED): 3 MODELS","prediction",2026-10-01,2862.24747263821,2042.5142265937,3681.98071868273
"323",1,"ENSEMBLE (WEIGHTED): 3 MODELS","prediction",2026-11-01,2635.257798722,1815.52455267748,3454.99104476651
"324",1,"ENSEMBLE (WEIGHTED): 3 MODELS","prediction",2026-12-01,2634.00576917801,1814.27252313349,3453.73901522252
"325",1,"ENSEMBLE (WEIGHTED): 3 MODELS","prediction",2027-01-01,2776.81083425221,1957.07758820769,3596.54408029672
"326",1,"ENSEMBLE (WEIGHTED): 3 MODELS","prediction",2027-02-01,2627.8787167955,1808.14547075099,3447.61196284002
"327",1,"ENSEMBLE (WEIGHTED): 3 MODELS","prediction",2027-03-01,3293.73592346226,2474.00267741775,4113.46916950678
"328",1,"ENSEMBLE (WEIGHTED): 3 MODELS","prediction",2027-04-01,3194.98834433975,2375.25509829524,4014.72159038427
"329",1,"ENSEMBLE (WEIGHTED): 3 MODELS","prediction",2027-05-01,3359.25580105182,2539.5225550073,4178.98904709634
"330",1,"ENSEMBLE (WEIGHTED): 3 MODELS","prediction",2027-06-01,3047.50945919192,2227.77621314741,3867.24270523644
"331",1,"ENSEMBLE (WEIGHTED): 3 MODELS","prediction",2027-07-01,3061.30165051608,2241.56840447156,3881.03489656059
"332",1,"ENSEMBLE (WEIGHTED): 3 MODELS","prediction",2027-08-01,2916.26151712872,2096.52827108421,3735.99476317324
"333",1,"ENSEMBLE (WEIGHTED): 3 MODELS","prediction",2027-09-01,2855.57559101404,2035.84234496952,3675.30883705855
"334",1,"ENSEMBLE (WEIGHTED): 3 MODELS","prediction",2027-10-01,2772.97298202887,1953.23973598436,3592.70622807339
"335",1,"ENSEMBLE (WEIGHTED): 3 MODELS","prediction",2027-11-01,2544.46726331235,1724.73401726784,3364.20050935687
"336",1,"ENSEMBLE (WEIGHTED): 3 MODELS","prediction",2027-12-01,2547.68811575864,1727.95486971412,3367.42136180315
"337",1,"ENSEMBLE (WEIGHTED): 3 MODELS","prediction",2028-01-01,2687.64782922736,1867.91458318285,3507.38107527188
"338",1,"ENSEMBLE (WEIGHTED): 3 MODELS","prediction",2028-02-01,2538.64612680047,1718.91288075596,3358.37937284499
"339",1,"ENSEMBLE (WEIGHTED): 3 MODELS","prediction",2028-03-01,3205.52052081213,2385.78727476762,4025.25376685665
"340",1,"ENSEMBLE (WEIGHTED): 3 MODELS","prediction",2028-04-01,3124.66519486584,2304.93194882132,3944.39844091035
"341",1,"ENSEMBLE (WEIGHTED): 3 MODELS","prediction",2028-05-01,3259.66538058068,2439.93213453616,4079.39862662519
"342",1,"ENSEMBLE (WEIGHTED): 3 MODELS","prediction",2028-06-01,2941.45134334541,2121.7180973009,3761.18458938993
"343",1,"ENSEMBLE (WEIGHTED): 3 MODELS","prediction",2028-07-01,2981.64132171023,2161.90807566572,3801.37456775475
"344",1,"ENSEMBLE (WEIGHTED): 3 MODELS","prediction",2028-08-01,2826.24463200737,2006.51138596285,3645.97787805188
"345",1,"ENSEMBLE (WEIGHTED): 3 MODELS","prediction",2028-09-01,2767.79660604769,1948.06336000318,3587.52985209221
"346",1,"ENSEMBLE (WEIGHTED): 3 MODELS","prediction",2028-10-01,2683.48486891584,1863.75162287132,3503.21811496035
"347",1,"ENSEMBLE (WEIGHTED): 3 MODELS","prediction",2028-11-01,2459.70899950799,1639.97575346348,3279.44224555251
"348",1,"ENSEMBLE (WEIGHTED): 3 MODELS","prediction",2028-12-01,2449.4235054735,1629.69025942899,3269.15675151802
"349",1,"ENSEMBLE (WEIGHTED): 3 MODELS","prediction",2029-01-01,2597.67395913183,1777.94071308732,3417.40720517635
"350",1,"ENSEMBLE (WEIGHTED): 3 MODELS","prediction",2029-02-01,2449.02025394559,1629.28700790107,3268.7534999901
"351",1,"ENSEMBLE (WEIGHTED): 3 MODELS","prediction",2029-03-01,3115.92267255172,2296.1894265072,3935.65591859624
"352",1,"ENSEMBLE (WEIGHTED): 3 MODELS","prediction",2029-04-01,3028.93364582999,2209.20039978548,3848.66689187451
"353",1,"ENSEMBLE (WEIGHTED): 3 MODELS","prediction",2029-05-01,3173.62138503838,2353.88813899386,3993.35463108289
"354",1,"ENSEMBLE (WEIGHTED): 3 MODELS","prediction",2029-06-01,2857.74573784704,2038.01249180253,3677.47898389156
"355",1,"ENSEMBLE (WEIGHTED): 3 MODELS","prediction",2029-07-01,2889.1815877284,2069.44834168389,3708.91483377292
"356",1,"ENSEMBLE (WEIGHTED): 3 MODELS","prediction",2029-08-01,2737.13942585707,1917.40617981255,3556.87267190158
"357",1,"ENSEMBLE (WEIGHTED): 3 MODELS","prediction",2029-09-01,2677.95513955365,1858.22189350913,3497.68838559816
"358",1,"ENSEMBLE (WEIGHTED): 3 MODELS","prediction",2029-10-01,2594.20842478238,1774.47517873786,3413.94167082689
"359",1,"ENSEMBLE (WEIGHTED): 3 MODELS","prediction",2029-11-01,2368.7954791786,1549.06223313409,3188.52872522312
"360",1,"ENSEMBLE (WEIGHTED): 3 MODELS","prediction",2029-12-01,2363.0397104862,1543.30646444169,3182.77295653072
"361",1,"ENSEMBLE (WEIGHTED): 3 MODELS","prediction",2030-01-01,2508.60909660202,1688.87585055751,3328.34234264654
"362",1,"ENSEMBLE (WEIGHTED): 3 MODELS","prediction",2030-02-01,2359.79308487409,1540.05983882957,3179.52633091861
"363",1,"ENSEMBLE (WEIGHTED): 3 MODELS","prediction",2030-03-01,3026.22222835246,2206.48898230794,3845.95547439698
"364",1,"ENSEMBLE (WEIGHTED): 3 MODELS","prediction",2030-04-01,2933.26743947255,2113.53419342803,3753.00068551706
"365",1,"ENSEMBLE (WEIGHTED): 3 MODELS","prediction",2030-05-01,3087.71441470336,2267.98116865884,3907.44766074788
"366",1,"ENSEMBLE (WEIGHTED): 3 MODELS","prediction",2030-06-01,2773.9955357887,1954.26228974419,3593.72878183322
"367",1,"ENSEMBLE (WEIGHTED): 3 MODELS","prediction",2030-07-01,2796.62920625938,1976.89596021487,3616.3624523039
"368",1,"ENSEMBLE (WEIGHTED): 3 MODELS","prediction",2030-08-01,2648.03966417474,1828.30641813022,3467.77291021925
"369",1,"ENSEMBLE (WEIGHTED): 3 MODELS","prediction",2030-09-01,2588.1094142912,1768.37616824669,3407.84266033572
"370",1,"ENSEMBLE (WEIGHTED): 3 MODELS","prediction",2030-10-01,2504.93242564012,1685.1991795956,3324.66567168463
"371",1,"ENSEMBLE (WEIGHTED): 3 MODELS","prediction",2030-11-01,2277.94275172388,1458.20950567937,3097.6759977684
"372",1,"ENSEMBLE (WEIGHTED): 3 MODELS","prediction",2030-12-01,2276.69072217986,1456.95747613535,3096.42396822438
"373",1,"ENSEMBLE (WEIGHTED): 3 MODELS","prediction",2031-01-01,2419.49578725409,1599.76254120958,3239.22903329861
"374",1,"ENSEMBLE (WEIGHTED): 3 MODELS","prediction",2031-02-01,2270.5636697974,1450.83042375289,3090.29691584192
"375",1,"ENSEMBLE (WEIGHTED): 3 MODELS","prediction",2031-03-01,2936.42087646416,2116.68763041964,3756.15412250867
"376",1,"ENSEMBLE (WEIGHTED): 3 MODELS","prediction",2031-04-01,2837.67329734166,2017.94005129714,3657.40654338618
"377",1,"ENSEMBLE (WEIGHTED): 3 MODELS","prediction",2031-05-01,3001.94075405375,2182.20750800923,3821.67400009826
"378",1,"ENSEMBLE (WEIGHTED): 3 MODELS","prediction",2031-06-01,2690.19441219386,1870.46116614934,3509.92765823837
"379",1,"ENSEMBLE (WEIGHTED): 3 MODELS","prediction",2031-07-01,2703.98660351798,1884.25335747347,3523.7198495625
"380",1,"ENSEMBLE (WEIGHTED): 3 MODELS","prediction",2031-08-01,2558.9464701306,1739.21322408609,3378.67971617512
"381",1,"ENSEMBLE (WEIGHTED): 3 MODELS","prediction",2031-09-01,2498.26054401593,1678.52729797142,3317.99379006045
"382",1,"ENSEMBLE (WEIGHTED): 3 MODELS","prediction",2031-10-01,2415.65793503073,1595.92468898622,3235.39118107525
"383",1,"ENSEMBLE (WEIGHTED): 3 MODELS","prediction",2031-11-01,2187.15221631426,1367.41897026974,3006.88546235877
"384",1,"ENSEMBLE (WEIGHTED): 3 MODELS","prediction",2031-12-01,2190.37306876052,1370.63982271601,3010.10631480504
"385",1,"ENSEMBLE (WEIGHTED): 3 MODELS","prediction",2032-01-01,2330.3327822293,1510.59953618479,3150.06602827382
"386",1,"ENSEMBLE (WEIGHTED): 3 MODELS","prediction",2032-02-01,2181.33107980239,1361.59783375788,3001.06432584691
"387",1,"ENSEMBLE (WEIGHTED): 3 MODELS","prediction",2032-03-01,2848.20547381403,2028.47222776951,3667.93871985854
"388",1,"ENSEMBLE (WEIGHTED): 3 MODELS","prediction",2032-04-01,2767.35014786774,1947.61690182323,3587.08339391226
"389",1,"ENSEMBLE (WEIGHTED): 3 MODELS","prediction",2032-05-01,2902.35033358261,2082.6170875381,3722.08357962713
"390",1,"ENSEMBLE (WEIGHTED): 3 MODELS","prediction",2032-06-01,2584.13629634734,1764.40305030282,3403.86954239186
"391",1,"ENSEMBLE (WEIGHTED): 3 MODELS","prediction",2032-07-01,2624.32627471217,1804.59302866765,3444.05952075668
"392",1,"ENSEMBLE (WEIGHTED): 3 MODELS","prediction",2032-08-01,2468.92958500928,1649.19633896476,3288.66283105379
"393",1,"ENSEMBLE (WEIGHTED): 3 MODELS","prediction",2032-09-01,2410.4815590496,1590.74831300508,3230.21480509411
"394",1,"ENSEMBLE (WEIGHTED): 3 MODELS","prediction",2032-10-01,2326.16982191767,1506.43657587316,3145.90306796219
"395",1,"ENSEMBLE (WEIGHTED): 3 MODELS","prediction",2032-11-01,2102.39395250989,1282.66070646538,2922.12719855441
"396",1,"ENSEMBLE (WEIGHTED): 3 MODELS","prediction",2032-12-01,2092.10845847537,1272.37521243086,2911.84170451989
"397",1,"ENSEMBLE (WEIGHTED): 3 MODELS","prediction",2033-01-01,2240.35891213376,1420.62566608925,3060.09215817828
"398",1,"ENSEMBLE (WEIGHTED): 3 MODELS","prediction",2033-02-01,2091.70520694749,1271.97196090297,2911.438452992
"399",1,"ENSEMBLE (WEIGHTED): 3 MODELS","prediction",2033-03-01,2758.60762555363,1938.87437950911,3578.34087159814
"400",1,"ENSEMBLE (WEIGHTED): 3 MODELS","prediction",2033-04-01,2671.61859883183,1851.88535278731,3491.35184487634
"401",1,"ENSEMBLE (WEIGHTED): 3 MODELS","prediction",2033-05-01,2816.30633804028,1996.57309199576,3636.03958408479
"402",1,"ENSEMBLE (WEIGHTED): 3 MODELS","prediction",2033-06-01,2500.43069084891,1680.6974448044,3320.16393689343
